J0437-4715 1.2098 -0.824712 0.156 5.8e-8 
J1600-3053 4.19256 -0.539255 2.4 2.02e-7
J1640+2224 4.36454 0.390997 1.19 1.58e-7 
J1713+0747 4.51091 0.136027 1.05 1.16e-7 
J1741+1351 4.63218 0.241941 0.93 2.33e-7 
J1744-1134 4.64471 -0.202141 0.42 2.03e-7 
J1909-3744 5.01691 -0.658641 1.26 1.02e-7
J1939+2134 5.14716 0.376696 5.00 1.04e-7
J2017+0603 5.31182 0.105619 1.32 2.38e-7 
J2043+1711 5.425129 0.300046 1.13 1.7e-7 
J2241-5236 5.94154 -0.918219 0.68 3e-7 
J2317+1439 6.09623 0.255842 1.89 2.67e-7 
J0023+0923 0.101585 0.163887 0.95 3.2e-7
J0030+0451 0.132894 0.0848412 0.28 7.23e-7 
J0613-0200 1.63072 -0.0351352 0.9 5.92e-7
J1017-7156 2.6959 -1.25568 0.26 5e-7 
J1024-0719 2.72553 -0.127793 0.49 8.46e-7 
J1446-4701 3.8685 -0.820725 2.03 5e-7 
J1614-2230 4.25253 -0.39285 1.77 3.36e-7 
J1738+0333 4.62032 0.062012 1.47 3.16e-7
J1832-0836 4.85402 -0.150365 1.4 5.77e-7 
J1853+1303 4.94781 0.227979 1.6 3.69e-7
J1857+0943 4.96375 0.169672 0.9 5.05e-7 
J1911+1347 5.0262 0.240731 1.6 5e-7 
J1918-0642 5.05622 -0.117106 1.4 5.47e-7 
J1923+2515 5.07618 0.4408927 0.99 5.35e-7
J2010-1323 5.28296 -0.233855 1.29 7.33e-7 
J2129-5721 5.62598 -1.00102 0.4 8.8e-7
J2145-0750 5.69414 -0.1367175 0.57 5.35e-7 
J2214+3000 5.823498 0.523784 1.32 3.99e-7 
