J0437-4715 1.2098 -0.824712 0.156 5.8e-8 
J1600-3053 4.19256 -0.539255 2.4 2.02e-7
J1640+2224 4.36454 0.390997 1.19 1.58e-7 
J1713+0747 4.51091 0.136027 1.05 1.16e-7 
J1741+1351 4.63218 0.241941 0.93 2.33e-7 
J1744-1134 4.64471 -0.202141 0.42 2.03e-7 
J1909-3744 5.01691 -0.658641 1.26 1.02e-7
J1939+2134 5.14716 0.376696 5.00 1.04e-7
J2017+0603 5.31182 0.105619 1.32 2.38e-7 
J2043+1711 5.425129 0.300046 1.13 1.7e-7 
J2241-5236 5.94154 -0.918219 0.68 3e-7 
J2317+1439 6.09623 0.255842 1.89 2.67e-7 
